   0    0    0
  21    0   11
  41    0   22
  62    0   33
  82    0   43
 102    0   54
 122    0   64
 143    0   75
 163    0   86
 184    0   97
 204    0  108
 225    0  119
 245    0  130
 250    0  140
 255    0  150
 255    0  161
 255    0  171
   0   19    1
  17   17    5
  38   17   16
  54   15   23
  74   15   34
  90   13   46
 110   13   57
 129   12   64
 150   12   75
 167   11   83
 187   11   94
 206    9  102
 226    9  113
 245    7  120
 250    7  130
 255    6  138
 255    6  149
   0   38    1
  17   36    6
  34   33   10
  50   31   17
  66   29   24
  82   28   37
  97   26   49
 117   25   57
 136   23   64
 153   22   72
 170   21   79
 189   19   87
 207   17   95
 226   16  103
 244   14  110
 250   13  118
 255   12  126
   0   58    2
  19   58    1
  36   55    5
  51   50   16
  67   48   23
  79   46   26
  95   44   39
 114   42   49
 134   40   57
 148   39   72
 165   38   79
 181   38   87
 200   36   95
 220   34  104
 239   32  112
 250   30  120
 255   29  128
   0   77    2
  19   77    1
  37   77    0
  53   72   11
  68   67   21
  80   65   25
  92   62   28
 112   60   39
 131   57   49
 146   56   64
 160   55   79
 176   55   87
 192   54   95
 213   52  104
 233   50  113
 244   48  121
 255   46  129
   0   97    2
  19   96    2
  38   96    1
  56   96    2
  71   91   12
  85   84   27
  97   82   30
 108   78   33
 128   75   43
 145   74   50
 160   73   65
 179   71   77
 195   70   85
 208   70   99
 229   68  108
 241   67  123
 252   65  131
   0  116    1
  19  116    2
  38  115    2
  56  115    3
  74  115    3
  88  108   18
 102  101   32
 113   97   35
 124   93   37
 142   92   44
 159   91   50
 178   89   62
 197   86   74
 211   86   89
 224   85  103
 236   85  118
 248   84  132
   0  135    1
  18  135    3
  37  134    4
  57  135    2
  75  135    2
  94  134    8
 108  127   23
 119  118   36
 130  114   39
 139  110   45
 157  109   52
 171  108   54
 190  105   66
 210  103   74
 224  103   89
 240  100  101
 252  100  115
   0  153    0
  18  153    3
  36  153    5
  56  154    3
  75  154    1
  94  153    7
 113  152   13
 125  144   27
 136  135   40
 145  131   47
 154  127   53
 169  126   55
 183  124   57
 203  122   66
 223  120   74
 239  118   86
 255  115   98
   0  173    0
  18  173    3
  36  173    6
  54  173    7
  74  173    5
  94  173    3
 113  172    9
 129  169   20
 141  161   34
 153  152   46
 162  148   53
 172  144   58
 187  142   60
 198  140   63
 218  138   72
 234  138   77
 250  135   89
   0  192    0
  18  192    3
  35  192    6
  54  192    7
  72  192    8
  93  192    6
 113  192    4
 129  189   16
 145  186   27
 158  178   40
 170  169   52
 180  165   58
 190  160   63
 201  158   66
 212  156   69
 228  156   74
 244  155   79
   0  212    4
  17  212    2
  34  212    5
  53  212    8
  71  212    9
  91  212   10
 111  212    8
 131  212    6
 147  209   17
 165  200   34
 177  192   47
 188  186   57
 198  182   63
 206  178   70
 217  176   73
 228  172   76
 244  172   81
   0  231    7
  17  231    6
  33  231    4
  52  231    7
  70  231   10
  90  231   11
 109  231   11
 129  231    9
 149  231    7
 167  223   24
 184  214   41
 195  209   52
 205  203   62
 213  200   70
 221  196   77
 232  192   80
 243  188   82
   0  243    6
  16  243   10
  33  243    8
  53  243    8
  72  243   11
  89  243   13
 108  243   13
 127  243   10
 147  243    8
 169  243   11
 186  235   28
 200  232   47
 211  227   57
 221  219   70
 229  216   77
 237  214   83
 248  210   86
   0  255    4
  16  255    8
  32  255   12
  53  255   12
  73  255   11
  90  255   13
 107  255   15
 126  255   12
 145  255    8
 167  255   11
 188  255   14
 202  253   33
 216  250   52
 227  243   65
 237  235   77
 245  234   83
 253  232   89
   0  255    8
  16  255    6
  32  255   10
  51  255    9
  72  255    8
  91  255    8
 108  255   10
 128  255   12
 147  255    9
 163  255   13
 185  255   16
 206  255   24
 220  253   43
 234  253   59
 244  245   72
 246  245   80
 254  244   86
   0  255   12
  16  255   10
  31  255    8
  51  255    7
  70  255    5
  89  255    5
 108  255    5
 129  255    7
 149  255    9
 165  255   14
 181  255   18
 203  255   26
 224  255   34
 238  255   50
 251  255   66
 253  255   74
 255  255   82
   0    0   16
  16    0   17
  36    0   28
  51    0   32
  72    0   43
  89    0   45
 109    0   55
 127    0   62
 148    0   73
 167    0   87
 187    0   98
 206    0  111
 226    0  122
 245    0  135
 250    0  145
 255    0  156
 255    0  166
   0   16   13
  16   16   17
  36   16   28
  51   16   36
  71   16   46
  88   15   55
 108   15   65
 124   14   75
 145   14   86
 163   12   96
 183   12  107
 202   10  116
 222   10  127
 240    9  137
 245    9  147
 255    7  158
 255    7  168
   0   35   13
  16   35   17
  33   33   22
  47   32   30
  63   30   37
  80   29   45
  95   28   58
 112   27   67
 131   25   75
 149   24   85
 166   23   92
 185   21  101
 203   19  109
 221   17  119
 240   16  127
 250   14  138
 255   13  146
   3   56   17
  17   55   19
  34   53   24
  50   50   27
  66   48   34
  80   45   41
  96   44   53
 111   43   65
 131   42   72
 148   41   80
 165   40   87
 181   39   94
 200   37  102
 216   36  110
 235   34  118
 250   33  125
 255   32  133
   3   76   17
  17   75   20
  36   75   19
  51   72   22
  67   67   32
  81   64   39
  93   62   43
 109   61   54
 128   59   65
 145   58   72
 160   57   87
 176   56   94
 192   55  102
 209   54  110
 229   52  119
 244   51  127
 255   49  135
   2   96   18
  18   96   21
  37   96   20
  56   95   19
  71   90   30
  84   83   38
  96   81   42
 107   79   44
 127   76   55
 146   74   65
 161   73   80
 173   72   97
 189   72  105
 205   71  112
 226   69  121
 244   67  129
 255   65  137
   2  115   18
  18  116   21
  37  115   21
  56  114   20
  74  114   21
  87  107   29
 101  100   44
 112   98   46
 123   94   49
 143   92   59
 160   91   66
 172   90   83
 191   88   95
 208   87  102
 221   87  116
 240   85  124
 252   84  138
   2  134   19
  17  135   22
  36  135   23
  56  135   21
  74  135   22
  91  132   23
 105  125   38
 118  117   49
 129  113   51
 140  109   54
 157  108   60
 174  107   68
 193  105   80
 211  103   91
 225  103  105
 237  102  119
 249  101  134
   2  153   18
  17  154   22
  35  154   24
  55  154   23
  75  154   21
  92  152   22
 111  151   28
 123  142   39
 135  134   53
 146  130   55
 155  126   62
 171  125   70
 186  124   72
 204  122   82
 224  120   91
 237  119  105
 253  117  117
   0  173   20
  19  172   21
  37  172   23
  56  173   23
  75  173   21
  93  174   21
 112  173   27
 129  167   32
 140  159   46
 152  151   59
 161  147   65
 170  144   69
 184  143   71
 200  140   73
 220  138   81
 238  137   91
 254  134  103
   0  192   20
  19  192   21
  36  192   24
  55  192   23
  74  192   24
  92  193   25
 112  193   23
 129  187   28
 145  184   39
 156  176   52
 169  168   65
 178  165   68
 188  161   74
 203  158   76
 214  156   79
 232  155   88
 248  154   93
   0  211   23
  17  212   21
  34  212   24
  54  212   25
  73  212   26
  90  212   28
 111  212   26
 130  212   28
 146  209   39
 160  202   46
 173  194   58
 185  186   70
 195  181   76
 206  177   80
 217  175   83
 228  172   86
 244  172   91
   0  231   26
  17  231   24
  33  231   23
  53  231   24
  72  231   27
  89  231   29
 109  231   30
 128  231   31
 148  231   29
 162  225   36
 180  216   53
 192  208   65
 202  203   75
 213  198   79
 221  195   87
 232  192   90
 243  188   93
   0  243   26
  18  243   26
  35  243   24
  52  243   26
  70  243   29
  93  243   26
 113  243   27
 125  243   33
 145  243   31
 164  243   30
 182  235   47
 200  229   60
 211  223   71
 219  220   82
 227  216   89
 238  211   92
 249  207   95
   0  255   25
  18  255   24
  34  255   28
  51  255   30
  72  255   30
  95  255   27
 112  255   29
 124  255   35
 143  255   31
 162  255   31
 184  255   34
 202  249   47
 216  247   66
 224  243   77
 235  236   89
 246  230   92
 254  229   98
   0  255   23
  14  255   29
  30  255   33
  50  255   33
  71  255   33
  92  255   26
 109  255   28
 126  255   34
 145  255   31
 166  255   24
 187  255   27
 201  255   38
 215  253   57
 230  253   72
 241  245   84
 246  245   96
 254  244  102
   0  255   27
  14  255   33
  30  255   31
  50  255   31
  69  255   30
  90  255   23
 109  255   23
 126  255   29
 147  255   31
 168  255   24
 184  255   29
 198  255   40
 219  255   48
 234  255   63
 248  255   79
 253  255   90
 255  255   98
   0    0   31
  16    0   32
  31    0   33
  46    0   38
  61    0   42
  79    0   44
  96    0   46
 114    0   53
 132    0   60
 151    0   74
 170    0   87
 189    0  101
 207    0  114
 226    0  127
 244    0  139
 250    0  150
 255    0  161
   0   16   28
  16   16   32
  31   16   33
  46   16   41
  61   16   46
  77   15   54
  95   15   56
 111   14   66
 129   14   73
 147   12   83
 166   12   96
 185   10  105
 203   10  119
 221    9  129
 240    9  141
 250    7  152
 255    7  163
   0   32   25
  16   32   29
  31   32   33
  46   32   41
  60   31   49
  77   30   58
  93   29   66
 110   28   76
 126   27   85
 144   26   95
 162   24  105
 181   22  114
 199   20  123
 217   19  133
 235   17  143
 245   16  154
 255   14  165
   3   53   29
  17   52   31
  33   52   35
  48   49   38
  63   49   46
  77   46   53
  94   45   62
 109   45   73
 126   44   83
 143   43   90
 161   41  100
 177   40  107
 196   38  116
 212   37  124
 230   36  134
 245   35  142
 255   33  153
   6   74   32
  20   73   35
  34   72   37
  50   69   40
  65   66   43
  80   64   50
  94   61   57
 110   61   69
 125   60   80
 142   59   88
 159   58   95
 176   57  102
 192   56  108
 209   55  117
 225   54  125
 240   53  133
 255   52  140
   5   94   33
  21   95   36
  35   94   39
  54   92   38
  70   89   41
  82   83   49
  97   80   56
 108   78   59
 124   78   70
 143   75   81
 160   74   88
 172   74  105
 189   73  112
 205   72  119
 222   71  127
 240   69  135
 255   68  142
   3  114   34
  20  115   37
  36  115   40
  55  114   39
  74  112   38
  87  106   47
  99   99   55
 111   97   58
 122   95   60
 142   93   71
 161   90   81
 173   90   98
 185   89  115
 202   89  122
 218   88  129
 237   86  137
 255   84  144
   3  133   35
  19  134   39
  35  135   42
  55  135   40
  74  133   39
  91  131   41
 104  124   49
 116  116   60
 128  114   63
 139  110   65
 158  108   76
 175  107   84
 187  106  101
 205  105  111
 222  104  118
 234  103  132
 253  101  140
   3  152   36
  19  153   40
  34  154   43
  54  154   42
  74  154   40
  91  152   42
 108  149   43
 121  141   54
 133  132   65
 144  129   68
 155  125   70
 172  124   78
 188  123   86
 207  122   97
 225  120  107
 238  119  121
 250  118  135
   2  172   38
  20  172   39
  36  173   42
  55  173   42
  75  173   40
  93  174   41
 110  171   42
 126  166   47
 139  157   58
 150  149   71
 161  146   74
 170  143   77
 187  142   85
 202  140   87
 221  138   98
 239  137  107
 251  136  121
   0  192   40
  19  192   41
  37  191   41
  56  192   41
  75  192   40
  93  193   41
 111  193   41
 128  188   46
 144  182   51
 156  174   64
 167  166   77
 176  164   81
 185  161   84
 201  159   86
 216  156   88
 234  155   98
 252  153  107
   0  211   43
  17  212   41
  35  211   41
  55  211   42
  74  212   42
  92  212   44
 110  212   45
 129  212   46
 145  207   51
 160  200   58
 171  192   71
 183  184   83
 192  182   86
 203  177   90
 219  175   92
 230  172   96
 248  171  105
   0  230   45
  17  231   43
  33  231   41
  53  231   42
  73  231   43
  91  231   46
 108  231   48
 127  231   50
 146  231   51
 161  225   58
 175  218   64
 187  210   76
 199  202   88
 210  198   92
 221  193   96
 232  191  100
 243  188  103
   0  243   45
  18  243   45
  35  243   43
  52  243   45
  72  243   46
  95  243   43
 112  243   45
 125  243   51
 144  243   53
 163  243   52
 177  237   59
 196  231   72
 208  223   84
 216  219   95
 227  215   99
 238  209  102
 249  207  105
   0  255   45
  18  255   45
  36  255   44
  53  255   46
  70  255   48
  93  255   45
 116  255   42
 129  255   48
 141  255   54
 160  255   54
 179  255   53
 198  249   66
 216  243   79
 224  240   90
 232  236  101
 244  231  104
 255  225  107
   0  255   43
  14  255   49
  32  255   49
  52  255   49
  69  255   51
  90  255   44
 113  255   41
 130  255   48
 143  255   54
 164  255   47
 183  255   46
 197  255   57
 215  249   70
 230  249   85
 238  246   96
 244  246  108
 255  240  111
   0  255   41
  14  255   47
  28  255   53
  48  255   54
  68  255   54
  89  255   47
 110  255   40
 127  255   47
 144  255   53
 165  255   46
 186  255   39
 200  255   50
 214  255   61
 229  255   76
 244  255   91
 250  255  103
 255  255  114
   0    0   48
  16    0   48
  32    0   49
  47    0   49
  62    0   54
  76    0   59
  93    0   61
 109    0   64
 127    0   71
 145    0   74
 164    0   87
 182    0   90
 200    0  103
 218    0  106
 236    0  119
 250    0  131
 255    0  142
   0   16   48
  16   16   48
  32   16   49
  47   16   49
  62   16   54
  76   16   58
  93   16   60
 110   16   62
 128   16   69
 144   15   75
 163   15   88
 179   14  101
 197   14  114
 213   13  125
 231   13  138
 247   12  150
 253   12  161
   0   32   45
  16   32   45
  32   32   49
  47   32   49
  62   32   57
  75   32   62
  92   31   70
 109   30   72
 125   29   82
 141   29   87
 159   27   97
 175   26  110
 193   24  119
 209   23  130
 227   22  140
 243   20  152
 253   19  163
   0   49   38
  16   49   41
  31   49   45
  47   48   49
  61   48   57
  76   47   64
  92   46   73
 108   46   83
 124   45   92
 140   44  100
 158   42  110
 174   41  120
 192   39  129
 210   38  138
 228   37  148
 243   36  157
 253   35  168
   3   70   41
  19   70   45
  33   69   47
  48   68   51
  64   65   54
  78   65   61
  93   62   68
 108   62   78
 124   61   90
 140   60   98
 157   59  105
 172   58  115
 189   57  122
 206   56  131
 223   55  139
 238   55  148
 253   54  155
  10   91   42
  22   88   47
  36   87   50
  50   87   52
  66   84   55
  79   81   59
  93   78   66
 111   77   74
 127   77   85
 139   77   96
 156   76  104
 173   75  112
 189   74  118
 206   73  124
 223   72  133
 239   71  140
 254   70  148
   9  111   43
  21  108   48
  37  109   51
  51  108   54
  70  107   53
  83  104   57
  96   97   65
 114   96   73
 125   94   75
 138   94   86
 157   92   97
 174   91  105
 186   90  122
 203   89  128
 219   89  135
 235   88  142
 254   86  150
   7  132   49
  21  130   52
  38  131   55
  52  129   59
  71  128   58
  90  128   55
 102  122   64
 115  115   71
 126  113   74
 138  111   78
 158  108   88
 175  107  100
 187  106  117
 199  106  132
 215  106  139
 231  105  144
 250  103  152
   7  151   50
  21  149   53
  37  150   57
  51  149   60
  71  149   59
  90  149   56
 107  147   58
 119  140   65
 132  132   76
 144  129   80
 155  126   83
 172  124   95
 189  123  103
 200  123  117
 219  122  128
 235  121  133
 247  120  147
   6  171   52
  22  171   57
  37  172   60
  53  172   62
  73  172   61
  93  172   58
 110  169   59
 124  165   59
 137  156   70
 148  149   83
 159  145   86
 169  142   90
 185  141   98
 202  140  103
 221  138  114
 237  137  123
 250  136  137
   4  191   54
  20  191   59
  39  191   59
  54  190   61
  73  191   61
  94  191   58
 112  191   58
 126  187   58
 142  181   63
 154  174   76
 165  166   89
 175  162   94
 184  160   97
 201  159  102
 216  156  104
 233  155  113
 251  154  123
   3  211   57
  20  211   61
  38  210   61
  55  211   63
  74  211   62
  94  211   62
 112  212   63
 129  209   61
 146  204   66
 161  197   69
 173  189   82
 182  183   96
 191  180  100
 201  176  105
 216  174  107
 232  172  105
 250  171  115
   3  230   60
  20  230   63
  36  230   61
  53  231   63
  73  231   64
  93  231   64
 111  231   66
 128  228   64
 147  228   66
 162  221   69
 177  215   75
 186  209   90
 198  201  102
 208  197  107
 219  192  111
 234  191  109
 245  188  113
   3  243   62
  19  243   61
  36  243   59
  53  243   65
  73  243   66
  92  243   65
 109  243   67
 128  243   69
 147  243   70
 161  243   73
 175  237   79
 193  232   82
 205  224   94
 214  217  109
 225  213  113
 235  210  116
 246  207  119
   3  255   62
  19  255   61
  37  255   60
  54  255   67
  71  255   69
  90  255   67
 113  255   64
 132  255   66
 144  255   72
 158  255   74
 177  255   74
 195  250   76
 214  244   89
 222  238  104
 230  234  115
 240  231  118
 252  226  121
   3  255   61
  17  255   65
  35  255   65
  51  255   69
  68  255   71
  89  255   66
 112  255   63
 132  255   69
 144  255   75
 162  255   72
 181  255   72
 197  255   72
 216  249   85
 230  249   96
 238  246  107
 244  246  120
 255  240  123
   3  255   59
  17  255   63
  31  255   69
  47  255   74
  67  255   74
  88  255   69
 109  255   62
 129  255   68
 146  255   75
 163  255   72
 184  255   65
 201  255   65
 215  255   76
 229  255   87
 244  255  102
 250  255  115
 255  255  126
   0    0   64
  16    0   64
  32    0   64
  47    0   65
  62    0   65
  76    0   71
  90    0   76
 106    0   79
 122    0   82
 140    0   85
 158    0   87
 176    0   90
 193    0   92
 211    0   95
 228    0   98
 242    0  110
 255    0  122
   0   16   64
  16   16   64
  32   16   64
  48   16   65
  63   16   65
  76   16   70
  90   16   75
 107   16   77
 123   16   80
 139   15   86
 157   15   88
 173   14  101
 190   14  103
 206   13  114
 223   13  117
 239   12  129
 253   12  141
   0   31   64
  16   31   64
  32   31   64
  48   32   65
  63   32   65
  77   32   70
  90   32   74
 107   32   76
 124   31   78
 140   31   84
 156   30   89
 172   29  102
 187   28  114
 203   27  125
 218   26  136
 234   25  148
 250   23  160
   0   48   57
  16   48   61
  32   48   61
  47   48   65
  63   48   65
  77   48   72
  91   48   77
 106   47   87
 123   47   89
 139   46   97
 155   45  102
 171   44  112
 186   43  125
 204   42  134
 219   41  145
 234   41  153
 250   39  165
   0   65   50
  16   65   54
  31   65   57
  47   65   61
  62   64   65
  77   64   72
  91   63   79
 107   63   89
 122   62   99
 138   61  107
 154   60  115
 170   59  125
 185   58  135
 203   57  144
 220   56  153
 235   56  162
 250   55  170
   7   87   51
  19   84   56
  35   84   60
  49   83   62
  64   83   66
  77   80   70
  92   79   77
 110   78   85
 125   78   95
 138   78  106
 154   77  114
 170   76  122
 186   75  132
 203   74  138
 220   73  147
 236   72  154
 251   71  163
  14  108   51
  26  105   57
  38  102   62
  52  102   65
  66  101   67
  79   98   71
  92   95   75
 110   94   83
 128   93   90
 141   93  101
 153   93  112
 170   92  120
 186   91  128
 203   90  134
 220   89  140
 236   88  148
 252   87  155
  12  129   57
  27  127   61
  39  124   66
  53  123   70
  67  122   72
  86  123   70
  99  120   74
 111  113   81
 129  112   89
 141  110   93
 154  110  104
 171  108  116
 188  107  124
 199  107  138
 216  106  144
 232  105  150
 248  104  157
  10  150   63
  25  148   67
  39  146   70
  53  145   74
  67  143   77
  86  144   75
 105  144   72
 118  138   80
 130  131   87
 142  129   91
 154  126   95
 172  125  107
 189  123  119
 201  123  134
 212  123  148
 228  122  154
 244  121  159
   9  170   65
  25  170   70
  40  168   74
  55  168   76
  69  166   79
  90  166   76
 109  167   74
 123  162   74
 135  156   81
 147  148   94
 159  146   98
 168  142  103
 186  141  115
 203  140  120
 214  140  134
 231  139  143
 247  138  149
   8  190   67
  24  190   72
  40  190   77
  56  190   79
  71  189   81
  92  189   78
 112  189   75
 126  185   75
 140  180   75
 152  173   88
 163  165  101
 173  162  106
 182  158  110
 199  157  115
 216  156  120
 233  155  129
 249  154  138
   7  210   71
  24  210   74
  40  210   79
  57  210   81
  72  210   83
  92  210   83
 113  210   80
 130  207   78
 144  203   78
 159  196   81
 171  188   94
 180  182  108
 189  179  113
 199  175  118
 216  174  123
 232  172  121
 248  171  130
   6  229   74
  23  229   78
  39  229   81
  56  230   83
  73  230   84
  93  230   84
 113  230   84
 130  228   82
 147  225   80
 163  218   83
 178  211   86
 187  205  101
 196  199  115
 206  195  120
 216  191  125
 232  190  124
 247  188  122
   6  242   76
  22  242   75
  39  242   79
  56  242   85
  73  243   87
  92  243   85
 112  243   85
 130  243   87
 147  240   85
 161  240   87
 177  233   90
 195  228   93
 204  222  107
 212  216  122
 222  212  127
 232  209  130
 248  207  129
   5  255   78
  22  255   77
  38  255   76
  55  255   83
  72  255   89
  91  255   88
 110  255   86
 129  255   88
 147  255   89
 161  255   92
 175  255   94
 193  250   97
 211  245   99
 220  239  114
 228  232  129
 238  229  132
 248  226  135
   5  255   77
  20  255   82
  36  255   81
  52  255   85
  69  255   92
  90  255   86
 109  255   85
 129  255   91
 147  255   93
 165  255   90
 179  255   92
 195  255   92
 213  250   95
 227  250  106
 236  244  121
 242  244  134
 252  241  137
   5  255   76
  20  255   81
  34  255   85
  50  255   90
  65  255   94
  86  255   89
 107  255   83
 127  255   90
 147  255   96
 165  255   93
 182  255   90
 199  255   90
 215  255   90
 229  255  102
 243  255  113
 249  255  126
 255  255  138
   0    0   80
  16    0   80
  32    0   80
  48    0   80
  63    0   81
  78    0   82
  92    0   87
 105    1   91
 121    1   94
 135    1  101
 153    1  104
 171    0  107
 189    0  109
 207    0  110
 224    0  113
 242    0  117
 255    0  129
   0   16   80
  16   16   80
  32   16   80
  48   16   80
  63   16   81
  78   16   81
  92   16   87
 105   17   91
 121   17   94
 136   17   98
 154   17  100
 171   16  103
 189   16  106
 206   16  108
 223   16  111
 239   15  113
 253   15  125
   0   31   80
  16   32   80
  32   32   80
  48   32   80
  64   32   81
  79   32   81
  92   32   86
 105   33   90
 122   32   92
 137   32   96
 153   32  101
 170   31  104
 186   30  117
 203   30  119
 218   29  130
 234   28  132
 250   27  144
   0   48   80
  16   47   81
  32   47   81
  48   47   81
  63   48   82
  79   48   81
  93   48   86
 106   48   90
 123   48   92
 139   48   95
 155   47  101
 171   47  105
 187   46  118
 201   45  128
 216   44  139
 231   43  151
 247   42  163
   0   65   73
  16   64   74
  32   64   78
  47   64   78
  63   64   82
  79   64   81
  93   64   88
 107   64   92
 122   63  102
 138   63  106
 154   62  114
 170   62  118
 186   61  128
 200   60  138
 217   59  147
 232   58  160
 247   58  168
   0   81   63
  15   81   67
  31   81   71
  46   81   75
  62   81   79
  78   80   81
  92   80   88
 106   80   95
 122   79  105
 136   79  113
 152   78  121
 169   77  132
 185   76  142
 200   75  150
 217   74  159
 235   73  167
 250   72  175
   7  103   64
  22  103   68
  34  100   73
  50  100   77
  64   99   80
  80   99   82
  93   96   86
 107   96   93
 125   95  101
 139   95  109
 152   95  120
 169   93  130
 185   92  138
 200   92  146
 217   91  152
 235   89  160
 251   88  168
  13  124   64
  30  123   67
  42  120   73
  54  116   78
  68  115   81
  80  115   83
  93  112   87
 109  111   92
 127  110   99
 143  109  106
 156  109  117
 169  109  128
 186  108  136
 201  108  144
 218  107  150
 232  106  157
 248  105  164
  11  145   70
  28  144   73
  42  142   77
  55  138   82
  69  136   86
  81  136   88
 100  137   85
 116  136   90
 128  129   98
 144  128  105
 156  126  109
 170  126  119
 187  124  131
 203  124  139
 214  124  154
 228  123  161
 244  122  166
  14  167   74
  27  163   80
  42  161   83
  55  159   87
  69  157   90
  82  157   93
 101  157   91
 119  158   90
 132  152   98
 145  147  104
 157  145  108
 170  142  111
 187  141  123
 206  139  132
 218  139  147
 230  139  160
 246  138  166
  13  187   76
  26  183   82
  42  183   87
  56  181   90
  71  180   92
  84  180   95
 104  180   92
 123  181   92
 137  176   92
 150  172   98
 162  164  111
 174  162  114
 184  158  118
 203  157  128
 220  156  133
 232  155  146
 248  154  155
  13  207   80
  27  204   86
  43  204   91
  55  203   94
  70  203   96
  89  203   97
 109  203   94
 123  202   97
 137  197   97
 155  196   94
 167  189  107
 178  181  119
 188  178  123
 198  174  127
 215  173  132
 232  172  136
 249  171  145
  12  227   84
  26  224   89
  42  224   93
  54  223   96
  71  223   98
  90  224   98
 110  224   98
 123  222  101
 140  220   99
 159  219   97
 174  212  100
 186  204  111
 195  198  126
 205  195  130
 215  191  135
 232  190  138
 248  188  137
  10  242   89
  25  242   91
  41  242   95
  57  242   98
  74  243  100
  90  243  101
 110  243  101
 126  243  103
 143  240  101
 158  240  104
 173  233  107
 192  229  105
 201  223  119
 213  214  131
 223  210  136
 232  207  140
 248  206  138
   9  255   91
  24  255   93
  41  255   92
  57  255   96
  74  255  102
  89  255  103
 108  255  102
 125  255  104
 143  255  105
 158  255  109
 172  255  111
 190  251  109
 208  246  111
 221  237  123
 229  230  138
 238  228  142
 248  225  145
   8  255   91
  25  255   97
  41  255   96
  55  255  102
  72  255  109
  88  255  108
 107  255  107
 128  255  105
 146  255  106
 166  255  104
 180  255  106
 194  255  105
 212  250  107
 226  250  117
 234  244  132
 241  244  145
 251  241  148
   8  255   90
  25  255   96
  39  255  100
  53  255  107
  68  255  111
  84  255  111
 105  255  105
 126  255  103
 146  255  110
 166  255  107
 184  255  104
 198  255  103
 214  255  103
 228  255  113
 242  255  124
 249  255  137
 255  255  150
   0    0   95
  16    0   95
  32    0   95
  48    0   96
  63    0   96
  78    0   97
  93    0   98
 107    1  102
 120    1  106
 134    1  113
 148    1  120
 166    1  123
 184    0  126
 202    0  127
 220    0  128
 238    0  132
 255    0  135
   0   16   96
  16   16   96
  32   16   96
  48   16   96
  64   16   96
  79   16   97
  94   16   98
 106   17  102
 120   17  106
 135   17  110
 149   17  117
 166   17  120
 184   16  123
 201   16  125
 219   16  126
 235   15  128
 253   15  131
   0   31   96
  16   32   96
  31   32   96
  48   32   96
  64   32   96
  79   32   97
  94   32   97
 107   33  102
 119   33  106
 135   33  110
 150   33  113
 167   33  116
 184   32  119
 201   32  122
 218   31  124
 234   31  126
 250   30  127
   0   48   96
  16   47   97
  32   48   97
  47   48   97
  64   48   97
  80   48   97
  95   48   97
 108   48  101
 121   49  106
 136   49  109
 152   49  113
 168   48  117
 185   48  120
 199   47  130
 216   47  133
 231   46  145
 247   45  147
   0   64   96
  16   64   97
  32   63   98
  48   63   98
  63   63   98
  79   64   98
  95   64   97
 109   64  101
 122   64  105
 138   64  109
 153   64  112
 170   64  117
 186   63  121
 200   63  131
 214   62  141
 229   61  154
 244   60  166
   0   81   86
  15   81   90
  31   80   91
  47   80   95
  62   80   95
  78   80   98
  94   80   97
 108   80  104
 122   80  108
 136   80  116
 152   80  120
 169   79  130
 185   78  135
 200   78  143
 214   77  153
 232   76  161
 247   75  173
   0   97   76
  15   97   80
  30   97   84
  46   97   88
  61   97   92
  77   97   95
  93   96   97
 107   96  104
 121   96  111
 136   96  119
 150   96  127
 167   95  138
 184   93  148
 199   93  156
 214   92  164
 232   91  172
 249   89  180
   6  119   76
  23  117   80
  38  117   84
  50  113   89
  66  113   93
  78  113   95
  94  113   98
 110  112  103
 124  112  110
 140  111  117
 154  111  125
 168  111  135
 185  109  146
 200  109  154
 215  108  162
 229  108  169
 247  106  177
  12  140   76
  29  139   80
  45  137   83
  58  133   89
  70  129   94
  82  129   96
  94  129   98
 110  128  103
 126  127  108
 142  126  115
 158  125  122
 172  125  133
 185  125  143
 201  125  151
 216  124  159
 230  124  166
 244  123  173
  15  162   80
  28  158   86
  45  157   90
  58  154   93
  71  150   99
  83  150  102
  95  150  104
 114  151  103
 130  150  108
 143  145  114
 159  144  121
 172  142  124
 185  142  135
 204  140  144
 220  140  152
 232  139  166
 246  139  173
  18  183   84
  31  180   90
  44  176   96
  58  174  100
  71  171  103
  84  171  106
  96  170  109
 115  171  109
 133  172  108
 147  168  114
 160  163  120
 173  161  123
 185  158  126
 204  157  136
 223  155  145
 235  155  159
 247  154  172
  18  204   89
  32  201   94
  45  197  100
  57  196  104
  70  194  107
  89  194  108
 101  194  111
 115  192  114
 133  193  113
 152  192  111
 165  188  117
 177  180  128
 189  178  131
 199  174  135
 218  173  145
 236  172  148
 248  171  162
  18  224   93
  32  221   99
  45  218  104
  57  217  108
  69  216  111
  88  217  112
 106  217  112
 120  216  115
 133  214  118
 152  213  116
 170  212  113
 182  205  125
 193  197  136
 203  194  140
 213  190  144
 231  189  148
 248  188  151
  16  240   99
  31  240  101
  44  237  106
  60  237  110
  72  236  113
  88  236  114
 106  236  115
 123  236  117
 136  235  120
 151  235  123
 169  234  121
 188  229  118
 199  222  130
 212  213  141
 222  209  145
 231  207  149
 248  206  153
  13  255  104
  28  255  106
  43  255  108
  59  255  112
  75  255  115
  91  255  116
 106  255  117
 123  255  119
 139  255  121
 154  255  125
 168  255  128
 187  251  126
 205  246  123
 218  237  135
 230  228  146
 239  226  150
 248  223  154
  12  255  104
  29  255  110
  44  255  112
  57  255  118
  73  255  122
  89  255  121
 105  255  122
 126  255  120
 142  255  122
 162  255  120
 177  255  123
 191  255  122
 209  251  119
 223  251  129
 235  242  141
 242  242  154
 251  239  158
  11  255  103
  28  255  109
  44  255  115
  58  255  122
  71  255  128
  87  255  128
 103  255  127
 124  255  125
 145  255  123
 165  255  121
 185  255  118
 199  255  117
 213  255  115
 227  255  125
 240  255  135
 247  255  148
 254  255  161
   1    0  112
  17    0  112
  33    0  112
  48    0  112
  64    0  113
  79    0  112
  94    0  113
 109    0  115
 123    1  119
 137    1  124
 151    1  131
 164    1  136
 182    1  139
 197    0  145
 215    0  146
 232    0  148
 250    0  152
   0   16  113
  16   16  112
  32   16  112
  47   16  112
  63   16  113
  80   16  112
  95   16  113
 109   16  114
 123   17  118
 136   17  122
 150   17  129
 163   18  136
 181   17  139
 199   16  140
 217   16  141
 233   16  144
 251   16  148
   0   32  113
  16   32  112
  31   32  112
  47   32  113
  63   32  113
  80   32  112
  95   32  113
 110   32  114
 122   33  118
 135   33  122
 151   33  126
 164   34  132
 181   33  135
 199   32  137
 216   32  139
 232   31  142
 248   31  144
   1   47  112
  16   48  113
  31   48  113
  47   48  113
  64   48  113
  79   48  113
  94   48  113
 110   48  114
 122   49  118
 135   49  123
 151   49  127
 166   49  130
 183   49  133
 199   48  136
 216   48  139
 232   47  141
 248   47  142
   1   64  112
  16   64  113
  32   64  114
  48   64  114
  63   64  114
  79   64  114
  95   64  113
 110   64  114
 124   64  118
 137   65  123
 152   65  126
 167   65  130
 184   64  134
 200   64  137
 214   63  147
 230   63  149
 245   62  162
   0   80  113
  16   80  112
  32   80  113
  48   79  113
  64   79  113
  79   80  115
  95   80  114
 110   81  113
 124   81  117
 137   81  122
 153   81  126
 169   80  128
 186   80  132
 201   79  137
 215   79  147
 229   79  156
 244   78  169
   0   97  103
  16   97  102
  31   97  106
  47   96  106
  63   96  110
  78   97  112
  94   96  114
 109   97  113
 123   97  120
 137   97  125
 151   97  133
 168   96  135
 185   95  146
 200   94  150
 215   94  158
 229   94  168
 246   92  176
   0  114   89
  16  114   92
  31  114   96
  45  114  102
  61  114  106
  76  113  112
  92  113  115
 109  112  115
 123  112  122
 138  112  125
 153  112  133
 166  112  144
 183  110  155
 199  110  163
 214  109  171
 227  109  178
 244  108  186
   6  135   89
  22  135   92
  38  134   96
  53  134  101
  65  130  107
  80  129  113
  92  129  115
 109  129  116
 125  128  121
 141  128  124
 157  127  131
 170  126  142
 184  126  152
 199  126  160
 215  125  168
 228  125  176
 242  125  183
  13  157   88
  27  154   93
  43  153   96
  60  152   98
  73  148  104
  85  144  108
  97  144  110
 110  145  117
 126  144  122
 142  143  123
 158  142  130
 172  142  139
 186  142  150
 199  142  160
 215  141  168
 229  141  175
 243  140  182
  16  179   92
  30  176   97
  43  172  103
  60  171  105
  73  169  108
  86  165  113
  98  165  116
 111  165  123
 129  166  122
 146  166  123
 159  161  129
 173  161  138
 186  158  141
 199  158  151
 218  157  161
 233  156  168
 245  156  182
  23  200   94
  37  196  100
  50  192  106
  61  190  112
  74  187  115
  87  185  119
 100  185  122
 113  186  122
 132  187  122
 149  186  124
 163  181  130
 173  178  136
 185  175  139
 198  175  146
 217  174  155
 235  172  165
 247  171  178
  23  220   98
  37  216  104
  50  213  110
  61  211  116
  73  210  119
  86  208  123
 105  208  123
 118  210  124
 132  208  127
 149  207  129
 168  206  126
 178  202  133
 189  195  144
 202  195  151
 212  191  155
 230  189  164
 247  188  168
  22  240  106
  35  237  111
  48  234  116
  61  231  121
  73  230  125
  87  231  126
 106  231  127
 119  228  131
 132  227  134
 151  229  132
 169  228  129
 186  229  128
 198  222  140
 212  212  150
 222  208  154
 231  206  157
 249  205  161
  19  255  111
  32  253  116
  47  253  118
  60  249  123
  76  249  127
  90  250  128
 106  250  129
 119  247  134
 135  247  136
 154  250  133
 168  250  137
 185  251  136
 204  246  133
 218  236  143
 230  227  155
 240  225  158
 249  222  162
  19  255  115
  31  255  121
  46  255  123
  61  255  125
  77  255  129
  92  255  130
 108  255  131
 123  255  133
 140  255  135
 157  255  135
 172  255  139
 188  255  139
 206  251  136
 221  251  141
 233  242  152
 242  242  164
 251  239  168
  18  255  114
  30  255  120
  47  255  126
  61  255  129
  75  255  135
  90  255  137
 106  255  136
 122  255  138
 143  255  136
 160  255  136
 180  255  134
 196  255  134
 210  255  132
 225  255  137
 238  255  147
 247  255  159
 254  255  172
   1    0  128
  17    0  128
  33    0  128
  49    0  129
  64    0  129
  80    0  129
  95    0  128
 110    0  130
 125    0  132
 139    0  137
 153    0  141
 167    1  147
 180    1  152
 195    1  158
 210    0  163
 227    0  166
 244    0  168
   1   16  129
  16   16  128
  32   16  128
  48   16  129
  63   16  129
  80   16  129
  96   16  128
 110   16  129
 125   16  131
 138   17  135
 152   17  140
 165   17  146
 179   18  152
 197   17  153
 212   16  159
 228   16  162
 245   16  164
   0   32  130
  16   32  129
  31   32  128
  47   32  129
  62   32  129
  79   32  129
  96   31  128
 111   32  129
 125   32  130
 138   33  134
 151   33  138
 164   34  145
 177   34  151
 195   33  153
 213   32  154
 230   32  157
 246   31  160
   1   48  129
  16   48  130
  31   48  129
  47   48  129
  63   48  129
  78   48  129
  95   48  129
 111   48  129
 125   48  130
 138   49  135
 151   49  139
 166   49  143
 179   50  149
 195   49  152
 213   48  154
 230   48  156
 246   47  159
   1   63  128
  16   64  129
  31   64  129
  47   64  129
  63   64  129
  79   64  129
  94   64  129
 110   64  130
 125   64  130
 138   65  135
 151   65  140
 166   65  144
 181   65  147
 197   65  150
 213   64  153
 230   64  155
 246   63  157
   1   80  129
  17   80  128
  32   80  129
  48   80  129
  64   80  129
  79   80  130
  94   80  130
 110   81  129
 125   81  129
 139   81  135
 152   81  140
 168   81  142
 183   81  145
 199   80  150
 215   80  153
 228   80  162
 245   79  164
   0   96  129
  16   96  129
  32   96  128
  48   96  128
  64   95  128
  79   96  130
  94   96  131
 110   97  130
 125   97  128
 139   97  134
 152   97  139
 169   97  141
 185   96  143
 201   96  148
 216   95  152
 230   95  162
 243   95  171
   0  113  116
  16  113  119
  32  113  118
  46  113  124
  62  113  124
  77  112  130
  92  113  132
 109  112  132
 125  113  131
 140  113  134
 154  113  139
 167  112  150
 184  112  152
 199  111  160
 215  111  165
 228  111  172
 241  111  182
   0  130  102
  16  130  105
  31  130  108
  46  130  114
  60  130  119
  75  130  126
  90  129  132
 107  129  133
 124  128  133
 140  128  136
 155  128  139
 169  128  150
 182  127  161
 198  127  169
 213  126  177
 226  126  185
 239  126  192
   7  152  101
  21  149  106
  36  149  109
  53  148  111
  68  148  116
  80  145  121
  95  144  127
 108  145  134
 125  144  135
 141  144  135
 157  144  138
 171  143  148
 184  143  159
 198  143  169
 213  142  177
 228  142  184
 241  142  192
  14  174  100
  28  171  105
  41  168  109
  58  167  111
  75  166  113
  88  163  118
 100  159  122
 113  160  129
 125  160  136
 142  160  137
 158  159  137
 172  159  147
 186  158  156
 200  158  166
 213  158  176
 228  158  184
 242  157  191
  21  195  102
  35  191  108
  48  188  112
  59  186  118
  76  185  120
  89  183  124
 102  179  128
 115  181  129
 128  181  136
 145  180  138
 162  179  138
 172  176  145
 186  175  154
 198  175  161
 212  175  171
 230  173  180
 244  173  188
  28  216  103
  42  212  109
  55  208  115
  66  206  121
  77  203  127
  90  201  131
 103  199  134
 117  201  135
 130  202  135
 148  201  137
 165  199  139
 175  196  146
 185  192  152
 198  192  159
 210  192  165
 228  190  175
 246  188  184
  27  236  111
  40  233  116
  53  229  122
  66  226  127
  77  223  133
  91  224  134
 104  222  138
 117  219  142
 131  221  143
 149  223  140
 167  222  142
 184  223  141
 194  219  148
 208  209  158
 220  209  164
 230  207  168
 248  205  177
  25  255  118
  38  253  123
  51  250  128
  64  247  133
  77  243  138
  91  244  140
 105  245  141
 118  242  146
 131  239  150
 150  242  148
 168  244  145
 185  245  144
 202  246  143
 216  236  153
 230  226  163
 240  224  167
 249  221  170
  25  255  122
  37  255  128
  50  253  133
  65  253  135
  78  249  140
  93  249  142
 107  250  143
 123  250  145
 136  247  150
 153  247  150
 172  250  147
 188  250  147
 205  251  146
 219  251  151
 233  241  161
 242  241  173
 251  238  176
  24  255  125
  37  255  131
  49  255  137
  64  255  140
  78  255  142
  94  255  144
 109  255  145
 125  255  147
 140  255  149
 158  255  149
 175  255  149
 191  255  149
 207  255  149
 222  255  154
 236  255  158
 245  255  170
 253  255  182
   1    0  145
  17    0  144
  33    0  144
  49    0  144
  64    0  145
  80    0  145
  95    0  144
 111    0  145
 126    0  147
 140    1  148
 154    1  152
 168    1  157
 182    1  163
 195    1  168
 210    1  174
 224    1  180
 241    1  183
   1   16  145
  16   16  145
  32   16  145
  49   16  144
  65   16  145
  80   16  145
  96   16  144
 110   16  145
 125   16  147
 141   16  149
 155   16  153
 168   17  157
 182   17  163
 194   18  169
 209   17  175
 223   17  179
 240   17  181
   0   32  146
  16   32  146
  31   32  145
  48   32  144
  64   32  145
  79   32  145
  96   32  144
 111   32  145
 125   32  146
 141   32  148
 154   33  152
 167   33  156
 180   34  162
 193   34  169
 211   33  170
 224   33  174
 241   33  177
   0   48  146
  16   48  146
  32   48  145
  48   48  144
  64   48  145
  79   48  145
  96   48  145
 112   48  144
 126   48  145
 141   48  147
 154   49  151
 168   49  155
 181   50  161
 193   50  167
 211   49  168
 224   49  173
 241   49  176
   1   64  145
  17   63  145
  32   64  145
  48   64  145
  64   64  145
  79   64  145
  95   64  145
 111   64  144
 126   64  145
 141   64  147
 154   65  152
 168   65  156
 183   65  159
 195   66  165
 211   65  168
 224   65  172
 241   65  174
   1   80  145
  16   80  146
  31   80  147
  46   80  147
  62   80  147
  79   80  145
  94   80  145
 110   80  147
 125   80  148
 141   80  148
 154   81  153
 167   81  156
 182   81  160
 196   82  164
 212   81  167
 228   81  169
 245   80  171
   0   96  145
  15   96  147
  31   96  146
  47   96  146
  63   96  146
  79   96  145
  94   96  146
 110   96  148
 125   97  147
 141   97  147
 154   97  152
 167   97  156
 184   97  158
 198   97  162
 213   97  167
 230   96  168
 243   96  178
   0  113  143
  14  112  148
  30  112  147
  47  112  145
  63  112  145
  79  112  148
  94  112  149
 111  112  147
 126  113  145
 141  113  148
 154  113  153
 167  114  156
 183  113  158
 201  112  159
 216  112  163
 230  112  169
 244  112  178
   0  130  130
  14  129  134
  30  129  137
  47  129  135
  61  129  140
  77  129  143
  92  129  150
 109  129  147
 126  128  148
 140  128  150
 156  128  153
 168  129  156
 182  129  167
 199  128  168
 215  127  176
 229  127  181
 242  127  189
   0  147  114
  14  147  119
  30  147  122
  47  146  125
  61  146  131
  77  146  133
  92  146  140
 105  146  149
 122  145  150
 141  144  149
 157  144  152
 171  144  157
 184  144  168
 198  143  177
 214  143  185
 227  143  192
 240  143  199
   7  169  113
  21  169  118
  35  166  123
  52  165  126
  69  164  128
  84  164  130
  97  161  135
 110  161  144
 122  161  151
 142  160  150
 158  160  151
 172  160  156
 186  159  165
 200  159  175
 214  159  185
 227  159  191
 242  158  199
  12  188  115
  31  189  114
  44  186  119
  55  182  125
  72  181  127
  87  180  129
 100  176  134
 114  176  139
 126  176  146
 140  177  149
 157  176  150
 173  176  155
 187  175  165
 203  174  173
 216  174  183
 228  174  191
 243  174  198
  19  209  117
  38  210  116
  51  206  122
  62  202  128
  73  199  134
  88  198  136
 101  196  140
 115  196  145
 129  197  145
 143  198  149
 160  196  151
 177  196  156
 187  192  163
 202  191  171
 215  191  178
 227  191  185
 245  189  195
  27  233  115
  43  230  120
  57  226  126
  70  223  131
  81  221  137
  93  218  142
 106  216  145
 118  215  148
 132  217  148
 141  214  154
 159  212  156
 173  212  159
 183  209  165
 199  208  168
 212  208  174
 229  208  178
 247  206  187
  26  252  123
  42  249  127
  55  247  132
  68  244  137
  81  241  142
  93  238  147
 107  239  149
 119  238  151
 132  235  156
 142  232  162
 160  235  159
 174  235  162
 191  236  161
 208  235  163
 222  225  173
 239  225  177
 249  222  180
  30  255  126
  43  255  134
  56  253  139
  69  253  143
  82  249  148
  92  249  154
 106  250  155
 119  250  159
 132  247  164
 144  247  168
 162  250  166
 184  250  162
 201  251  161
 212  251  164
 226  241  174
 242  241  179
 252  238  182
  30  255  130
  42  255  137
  55  255  143
  68  255  148
  83  255  150
  93  255  156
 108  255  157
 121  255  161
 137  255  163
 148  255  168
 166  255  168
 187  255  164
 203  255  164
 215  255  167
 229  255  172
 245  255  176
 254  255  188
   1    0  162
  17    0  161
  32    0  160
  48    0  160
  64    0  160
  80    0  160
  95    0  160
 111    0  161
 126    0  161
 141    1  162
 155    1  163
 169    1  168
 183    1  173
 197    1  179
 210    1  184
 224    1  191
 238    1  197
   1   16  162
  16   16  162
  32   16  161
  49   16  160
  65   16  160
  80   16  160
  96   16  160
 110   16  161
 126   16  161
 141   16  163
 156   17  164
 169   17  168
 183   17  173
 196   18  180
 209   18  185
 223   18  189
 237   18  196
   0   32  161
  16   32  162
  31   32  162
  48   32  161
  65   31  160
  81   32  160
  96   32  160
 111   32  161
 125   32  161
 141   32  163
 156   32  165
 170   33  169
 183   33  173
 196   34  180
 208   34  186
 222   34  190
 235   34  194
   0   48  161
  16   48  161
  32   48  162
  48   48  161
  65   47  160
  80   48  161
  96   48  161
 112   48  160
 126   48  160
 141   48  162
 157   48  164
 170   49  168
 184   49  172
 196   50  178
 208   50  184
 222   50  189
 235   50  193
   0   64  161
  16   64  161
  32   63  161
  49   63  161
  65   63  160
  80   64  161
  95   64  161
 111   64  160
 127   64  159
 142   64  161
 157   64  163
 171   65  167
 184   65  171
 196   66  177
 208   66  182
 222   66  187
 235   66  191
   0   80  161
  15   80  163
  31   80  163
  47   80  163
  63   80  162
  80   80  161
  95   80  161
 110   80  163
 126   80  162
 142   80  162
 157   80  164
 170   81  168
 183   81  172
 197   82  176
 209   82  182
 226   82  183
 239   82  188
   0   96  161
  15   96  163
  30   96  164
  46   96  164
  61   96  164
  78   96  163
  94   96  161
 110   96  163
 125   96  165
 141   96  165
 156   96  165
 169   97  169
 182   97  172
 196   98  177
 210   98  181
 227   98  183
 243   97  184
   0  113  159
  14  112  164
  29  112  165
  46  112  163
  62  112  163
  77  112  166
  94  112  164
 111  112  162
 126  112  164
 141  112  166
 156  112  166
 169  113  169
 182  114  173
 199  113  173
 213  113  178
 227  113  183
 244  113  185
   0  129  157
  14  129  162
  28  128  166
  45  128  164
  62  128  161
  78  128  164
  93  128  167
 110  128  165
 127  128  162
 142  128  165
 156  128  167
 169  129  170
 181  130  173
 199  129  174
 216  128  174
 230  128  180
 244  128  185
   0  146  141
  14  146  147
  28  146  151
  45  145  154
  62  145  152
  78  145  154
  93  145  157
 106  145  167
 123  145  164
 143  144  163
 157  144  166
 171  144  171
 184  145  174
 198  145  183
 215  144  184
 229  144  190
 243  144  196
   0  163  125
  14  163  131
  28  163  136
  45  163  139
  62  162  142
  78  162  145
  93  162  147
 106  162  157
 119  162  166
 139  161  165
 158  160  164
 172  160  169
 186  160  174
 200  160  184
 214  159  193
 228  159  200
 241  159  206
   5  183  128
  24  183  127
  38  183  132
  48  179  139
  65  179  142
  81  178  144
  96  178  146
 110  177  151
 123  177  161
 137  178  164
 157  177  163
 173  176  169
 187  176  174
 203  175  182
 217  175  192
 229  175  199
 242  175  206
  10  202  130
  29  203  129
  47  203  128
  58  199  135
  68  195  141
  84  194  143
  99  193  145
 113  193  150
 127  192  155
 141  193  159
 155  193  162
 172  193  168
 188  192  173
 204  191  182
 219  190  190
 231  190  198
 243  190  205
  18  226  129
  34  223  133
  53  223  132
  66  221  137
  76  217  144
  89  214  149
 104  213  151
 116  212  153
 130  212  158
 140  209  164
 154  209  168
 168  209  170
 184  209  176
 201  208  178
 216  207  187
 234  207  190
 246  207  198
  26  249  127
  42  246  132
  58  243  136
  71  241  141
  84  238  146
  97  236  151
 109  233  156
 121  232  159
 133  231  161
 143  228  167
 152  225  173
 166  225  176
 180  225  178
 197  225  181
 213  224  183
 231  224  187
 248  223  190
  31  252  131
  43  252  138
  59  249  143
  73  249  147
  86  247  152
  96  247  158
 108  244  163
 121  244  167
 133  243  169
 145  243  174
 154  240  180
 176  240  176
 190  240  179
 201  240  182
 218  240  184
 234  240  189
 251  239  192
  35  255  134
  48  255  142
  60  255  149
  74  255  154
  87  255  158
  97  255  164
 107  255  169
 120  255  173
 133  255  177
 145  255  182
 156  255  186
 178  255  183
 199  255  179
 211  255  182
 222  255  185
 238  255  190
 254  255  194
   1    0  178
  17    0  177
  33    0  176
  48    0  176
  64    0  176
  80    0  176
  96    0  176
 112    0  177
 127    0  177
 143    0  176
 157    1  177
 171    1  181
 185    1  186
 199    1  190
 212    1  196
 226    1  202
 240    1  208
   1   16  178
  16   16  178
  31   16  177
  48   16  176
  64   16  176
  79   16  177
  95   16  177
 112   16  177
 127   16  178
 143   16  178
 157   17  179
 171   17  180
 185   17  185
 199   17  189
 212   17  194
 225   18  199
 239   18  206
   0   32  177
  15   32  178
  31   32  178
  47   32  177
  64   32  176
  80   32  177
  95   32  177
 112   32  177
 127   32  178
 142   32  178
 158   32  180
 171   33  181
 185   33  185
 199   33  189
 211   34  195
 224   34  200
 237   34  204
   0   48  177
  16   48  178
  32   48  178
  48   48  177
  65   48  176
  79   48  179
  94   48  179
 111   48  177
 126   48  177
 141   49  177
 156   49  179
 172   48  183
 186   49  187
 198   49  189
 211   50  195
 224   50  201
 237   50  205
   0   64  177
  16   64  178
  32   63  178
  48   64  176
  65   64  176
  79   64  179
  94   64  179
 111   64  177
 127   64  176
 142   65  176
 157   65  178
 173   64  182
 186   65  186
 199   65  188
 211   66  193
 224   66  199
 237   66  203
   0   80  178
  15   80  179
  31   80  179
  48   79  179
  64   79  178
  79   80  180
  94   80  180
 111   80  178
 127   80  177
 141   80  180
 156   80  182
 172   81  179
 186   81  183
 198   82  187
 210   82  193
 223   82  200
 236   82  205
   0   96  178
  15   96  179
  30   96  180
  47   96  180
  62   96  180
  77   96  182
  94   96  180
 110   96  178
 126   96  180
 140   96  183
 156   96  183
 172   97  180
 185   97  183
 197   98  188
 211   98  192
 224   98  200
 240   98  201
   0  112  177
  15  112  179
  30  112  180
  46  112  180
  62  112  180
  78  112  182
  94  112  180
 111  112  177
 126  112  179
 142  112  180
 158  112  180
 172  112  183
 185  113  186
 198  113  187
 212  114  192
 228  114  196
 244  113  197
   0  129  175
  15  129  177
  29  128  181
  45  128  181
  62  128  178
  78  128  180
  94  128  183
 110  128  180
 127  128  178
 143  128  178
 158  128  181
 172  128  184
 184  129  187
 197  130  188
 215  129  188
 231  129  192
 245  129  198
   0  146  167
  13  145  178
  27  145  182
  44  144  184
  61  144  181
  79  144  178
  94  144  181
 107  144  187
 124  144  184
 141  144  182
 156  144  185
 170  145  186
 183  146  189
 200  145  188
 217  144  188
 229  145  196
 243  145  201
   0  163  151
  13  162  162
  27  162  167
  44  162  169
  61  161  172
  79  161  168
  94  161  171
 107  161  177
 120  161  186
 137  161  184
 157  160  183
 171  161  184
 185  161  189
 202  160  188
 216  160  198
 228  160  205
 241  160  212
   0  180  143
  16  179  144
  30  179  149
  44  179  155
  61  178  158
  75  179  162
  90  179  164
 106  178  173
 119  178  183
 136  178  182
 156  177  181
 173  177  181
 187  177  186
 201  176  195
 215  175  204
 229  176  204
 242  176  210
   5  199  145
  21  199  146
  39  199  145
  54  199  151
  64  195  157
  78  195  161
  93  194  163
 109  194  172
 123  193  177
 140  193  176
 154  193  180
 171  193  180
 188  193  185
 202  192  194
 218  191  203
 231  192  202
 243  192  210
  13  220  140
  25  217  145
  44  218  144
  64  217  143
  75  213  150
  83  210  156
  99  209  158
 115  209  162
 129  208  167
 144  208  171
 158  209  174
 170  209  182
 187  209  187
 202  208  194
 218  207  202
 235  206  204
 247  206  212
  21  243  138
  33  241  143
  49  238  148
  70  237  147
  83  234  152
  91  232  158
 104  229  163
 120  229  168
 132  228  170
 147  228  174
 156  225  180
 169  225  187
 183  225  190
 198  225  196
 215  224  199
 232  223  201
 250  223  204
  25  252  142
  42  252  144
  58  249  149
  73  249  152
  86  247  157
 100  247  161
 113  244  166
 124  244  171
 136  243  173
 149  243  176
 159  240  182
 169  240  187
 183  240  190
 195  240  198
 212  240  201
 231  239  199
 248  239  203
  30  255  145
  46  255  148
  59  255  155
  74  255  158
  88  255  163
 102  255  167
 112  255  173
 123  255  177
 136  255  181
 149  255  184
 161  255  189
 171  255  194
 193  255  190
 205  255  199
 216  255  202
 235  255  200
 251  255  205
   1    0  194
  17    0  193
  33    0  192
  49    0  192
  64    0  191
  80    0  191
  96    0  191
 112    0  192
 128    0  193
 144    0  192
 159    0  190
 173    1  194
 187    1  198
 201    1  203
 214    1  207
 228    1  213
 242    1  219
   1   16  194
  16   16  194
  32   16  193
  48   16  192
  64   16  192
  79   16  193
  95   16  193
 112   16  193
 128   16  194
 144   16  194
 159   16  192
 173   17  193
 187   17  197
 201   17  201
 214   17  206
 227   18  211
 241   18  217
   0   31  193
  15   32  194
  30   32  194
  47   32  193
  63   32  192
  79   32  193
  94   32  194
 111   32  194
 128   31  194
 144   32  194
 159   32  194
 173   33  195
 186   33  196
 200   33  200
 214   33  204
 227   34  209
 239   34  214
   0   48  193
  16   47  194
  31   48  194
  47   48  193
  64   48  192
  78   48  195
  93   48  196
 110   48  194
 127   48  194
 142   48  194
 158   49  194
 174   48  197
 187   49  198
 200   49  200
 214   49  204
 227   50  210
 239   50  215
   0   64  192
  16   64  193
  32   63  194
  48   64  193
  64   64  191
  78   64  194
  92   64  197
 109   64  195
 126   64  193
 141   65  193
 156   65  193
 172   65  197
 188   64  200
 201   65  202
 213   65  204
 226   66  210
 239   66  215
   0   80  194
  15   80  194
  31   80  195
  48   79  195
  64   80  194
  79   80  195
  93   80  198
 109   80  196
 126   80  194
 141   80  197
 156   81  197
 172   81  194
 188   81  197
 200   81  202
 212   82  204
 225   82  211
 238   82  217
   0   95  195
  15   96  196
  30   96  196
  47   96  196
  63   95  196
  78   96  198
  93   96  199
 110   96  197
 126   96  194
 141   96  197
 155   96  200
 171   97  197
 187   97  194
 199   98  199
 211   98  203
 224   98  211
 237   98  218
   0  112  194
  15  112  196
  30  112  196
  46  112  196
  63  112  196
  79  111  198
  94  112  199
 110  112  196
 127  112  194
 143  112  194
 157  112  197
 171  112  200
 187  113  197
 200  113  198
 212  114  203
 228  114  207
 241  114  214
   0  128  192
  15  128  194
  30  128  196
  46  128  196
  62  128  195
  78  128  197
  94  127  199
 111  128  196
 127  128  193
 143  128  194
 159  128  194
 173  128  197
 187  128  200
 200  129  201
 213  129  202
 229  129  206
 245  129  210
   0  146  185
  13  145  195
  28  145  197
  45  144  199
  61  144  198
  79  144  195
  95  144  197
 107  144  203
 124  144  200
 141  144  198
 157  144  198
 172  145  199
 186  145  202
 203  144  201
 216  145  202
 227  145  210
 243  145  214
   0  163  177
  13  162  188
  26  161  198
  43  161  200
  59  160  201
  77  160  198
  95  160  194
 108  160  200
 120  160  206
 138  160  204
 155  160  202
 170  161  203
 184  161  204
 201  161  203
 218  160  202
 230  161  210
 241  161  217
   0  180  169
  16  179  170
  29  178  180
  43  178  186
  60  177  187
  73  178  191
  91  178  188
 107  177  197
 120  177  203
 137  177  202
 154  177  200
 171  177  200
 186  177  201
 200  176  210
 217  176  209
 231  177  208
 242  177  216
   0  196  160
  16  196  161
  31  195  162
  46  195  168
  60  194  173
  74  195  177
  87  195  181
 103  195  190
 119  194  199
 136  194  198
 153  193  197
 170  193  197
 187  193  197
 202  192  206
 216  191  215
 230  192  215
 243  193  214
   8  217  155
  20  214  160
  36  214  161
  56  213  160
  71  212  166
  79  210  172
  93  210  176
 109  210  180
 125  209  189
 140  209  193
 157  209  192
 169  209  199
 186  209  199
 202  209  206
 216  208  215
 234  207  217
 247  208  216
  15  237  149
  28  235  154
  40  232  159
  61  231  159
  81  230  158
  90  228  164
  98  225  170
 114  225  175
 130  224  179
 145  224  183
 160  224  186
 173  225  194
 185  225  201
 201  225  208
 216  224  214
 234  223  216
 251  222  218
  20  246  153
  36  246  155
  49  244  160
  64  244  163
  85  243  163
  99  243  167
 107  240  173
 118  240  178
 134  240  182
 148  240  185
 163  240  189
 173  240  194
 186  240  201
 198  240  210
 213  240  216
 232  239  215
 250  238  217
  24  255  156
  41  255  159
  57  255  161
  73  255  164
  88  255  167
 102  255  172
 116  255  176
 127  255  181
 138  255  185
 152  255  188
 165  255  191
 176  255  196
 186  255  201
 198  255  210
 210  255  218
 229  255  217
 248  254  215
   1    0  210
  18    0  209
  34    0  208
  48    0  209
  64    0  209
  80    0  208
  96    0  208
 112    0  208
 128    0  209
 143    0  209
 158    0  208
 175    0  207
 189    1  211
 203    1  214
 216    1  218
 230    1  222
 244    1  228
   1   16  211
  16   16  210
  32   16  209
  48   16  208
  63   16  208
  79   16  209
  95   16  209
 113   16  208
 129   16  209
 142   16  211
 158   16  210
 175   16  209
 189   17  213
 202   17  214
 216   17  219
 229   17  221
 243   17  227
   0   32  210
  15   32  209
  30   32  210
  46   32  209
  63   32  208
  79   32  209
  94   32  210
 112   32  210
 129   31  210
 142   32  212
 158   32  212
 175   32  211
 188   33  212
 202   33  213
 216   33  217
 229   33  219
 242   34  224
   0   47  210
  16   48  208
  31   48  209
  47   48  211
  63   48  210
  79   48  210
  94   48  211
 110   48  210
 127   48  210
 144   48  209
 159   48  209
 175   48  210
 189   49  211
 203   49  214
 217   49  218
 230   49  219
 243   50  224
   0   64  209
  16   64  208
  32   64  209
  48   63  211
  64   64  210
  79   64  209
  93   64  212
 109   64  212
 126   64  210
 143   64  208
 158   65  208
 174   65  210
 190   64  213
 204   64  216
 216   65  218
 230   65  219
 243   66  225
   0   80  211
  15   80  210
  31   80  211
  48   79  210
  64   80  208
  79   80  209
  93   80  212
 109   80  212
 126   80  210
 142   80  211
 157   81  211
 174   80  211
 190   80  215
 204   81  214
 216   81  216
 228   82  221
 241   82  227
   0   96  212
  15   96  212
  30   96  212
  47   96  211
  64   95  211
  78   96  212
  93   96  213
 110   96  213
 126   96  211
 142   96  212
 156   96  215
 173   96  215
 189   96  212
 203   97  211
 215   98  216
 227   98  221
 240   98  228
   0  112  212
  15  112  212
  30  112  212
  47  112  211
  64  111  211
  78  112  214
  93  112  215
 109  112  216
 125  112  213
 142  112  209
 157  112  212
 171  112  218
 187  113  215
 203  113  214
 215  113  218
 227  114  224
 240  114  231
   0  128  211
  15  128  210
  30  128  212
  47  128  211
  63  128  210
  78  128  213
  94  128  215
 109  128  216
 126  128  213
 143  128  209
 159  128  209
 173  128  215
 187  128  218
 203  128  217
 216  129  218
 228  129  223
 244  129  227
   0  144  211
  14  144  211
  29  144  213
  45  144  216
  61  144  216
  77  144  214
  93  144  216
 109  144  215
 126  144  212
 141  145  212
 157  145  213
 172  144  216
 186  144  219
 204  144  216
 217  145  217
 229  145  219
 245  145  223
   0  161  203
  14  162  204
  27  161  214
  43  161  217
  60  160  219
  76  160  217
  94  160  213
 110  160  212
 122  160  218
 138  161  219
 155  161  217
 170  160  220
 184  161  221
 203  161  218
 220  160  217
 232  161  219
 243  161  226
   0  180  193
  13  179  196
  26  178  206
  42  178  211
  58  177  212
  75  176  217
  93  176  213
 110  176  210
 123  176  216
 134  177  224
 152  177  222
 171  176  220
 185  177  221
 202  177  220
 219  176  219
 231  177  223
 242  177  231
   0  196  184
  13  195  187
  28  195  188
  44  195  193
  59  194  198
  76  193  203
  89  194  207
 106  194  204
 122  193  213
 134  194  221
 151  193  220
 170  193  218
 187  193  218
 203  193  216
 218  192  225
 230  192  230
 243  193  229
   0  212  169
  11  213  181
  27  212  182
  46  211  181
  60  211  187
  76  211  190
  89  211  194
 104  211  198
 120  211  207
 137  210  211
 154  210  210
 170  209  218
 187  209  218
 199  209  221
 214  208  230
 231  208  226
 245  209  225
   8  233  163
  19  233  175
  31  231  180
  50  230  180
  71  229  179
  86  229  183
  95  226  189
 109  226  192
 125  226  197
 142  225  201
 157  225  205
 174  224  213
 186  225  220
 198  225  223
 214  225  229
 231  225  225
 249  224  227
  14  246  162
  29  246  164
  41  244  169
  56  244  172
  77  243  172
  89  243  177
  98  240  183
 111  240  191
 127  240  196
 147  240  194
 162  240  197
 172  240  208
 184  240  215
 203  240  216
 218  240  223
 229  240  232
 247  239  234
  19  255  166
  33  255  168
  50  255  170
  65  255  173
  80  255  176
  93  255  181
 107  255  186
 120  255  194
 131  255  199
 151  255  197
 165  255  200
 174  255  210
 185  255  215
 203  255  216
 215  255  225
 226  255  234
 245  255  232
   1    0  225
  18    0  224
  34    0  223
  49    0  225
  63    0  226
  79    0  226
  95    0  225
 112    0  225
 128    0  224
 143    0  225
 157    0  225
 174    0  225
 191    0  224
 205    1  227
 218    1  229
 232    1  233
 245    1  237
   1   16  226
  16   16  225
  32   16  224
  48   16  224
  63   16  225
  79   16  226
  95   16  226
 112   16  225
 129   16  225
 142   16  227
 157   16  227
 174   16  226
 191   16  226
 204   17  227
 218   17  230
 231   17  232
 245   17  236
   0   32  227
  15   32  226
  30   32  225
  46   32  225
  62   32  224
  78   32  225
  94   32  226
 112   32  226
 129   31  225
 143   32  227
 156   32  229
 173   32  228
 190   32  227
 204   33  229
 217   33  230
 231   33  232
 244   33  234
   0   48  227
  16   48  225
  31   48  224
  47   48  227
  63   48  226
  78   48  226
  94   48  227
 110   48  226
 128   48  226
 144   48  224
 158   48  226
 174   48  228
 191   48  227
 205   48  230
 218   49  231
 232   49  232
 245   49  234
   0   63  226
  16   64  225
  32   64  223
  48   64  226
  63   63  228
  79   64  228
  94   64  227
 110   64  227
 126   64  226
 143   64  225
 159   64  223
 175   64  225
 191   64  226
 205   64  229
 219   64  232
 233   65  233
 246   65  234
   0   80  228
  15   80  227
  31   80  226
  48   80  224
  64   79  227
  78   80  228
  94   80  227
 110   80  227
 126   80  227
 142   80  228
 158   80  226
 175   80  226
 191   80  228
 205   81  227
 219   81  230
 231   81  235
 244   82  236
   0   96  229
  15   96  229
  30   96  228
  47   96  227
  64   95  225
  79   96  226
  93   96  227
 110   96  227
 126   96  227
 142   96  228
 157   96  229
 174   96  229
 191   95  229
 205   96  229
 219   97  228
 231   98  233
 242   98  238
   0  112  229
  15  112  229
  30  112  228
  47  112  227
  64  111  225
  79  112  228
  93  112  229
 109  112  230
 125  112  230
 142  112  226
 158  112  227
 172  112  233
 189  112  233
 205  112  231
 219  113  231
 231  113  236
 242  114  241
   0  128  229
  15  128  229
  30  128  228
  47  128  227
  64  127  225
  79  128  228
  93  128  231
 109  128  232
 124  128  232
 141  128  228
 158  128  224
 172  128  230
 186  128  236
 203  128  235
 219  128  233
 231  129  239
 242  129  244
   0  144  229
  14  144  230
  29  144  229
  45  144  232
  62  144  231
  78  144  229
  93  144  232
 109  144  231
 124  144  231
 140  145  232
 157  145  228
 171  144  231
 185  144  237
 204  144  234
 220  144  232
 232  145  234
 244  145  240
   0  159  229
  14  160  230
  28  160  230
  44  160  233
  60  160  236
  76  160  234
  92  160  232
 108  160  231
 124  160  230
 140  161  231
 155  161  231
 170  161  235
 184  160  238
 203  160  235
 221  160  231
 233  161  233
 245  161  235
   0  178  219
  13  177  222
  27  177  222
  43  177  227
  59  177  230
  76  176  234
  92  176  232
 109  176  229
 125  176  228
 136  177  236
 152  177  237
 171  177  235
 185  176  238
 202  176  237
 220  176  233
 232  177  238
 244  177  240
   0  196  208
  13  195  211
  25  194  214
  41  194  219
  57  194  223
  74  193  228
  91  192  232
 108  192  229
 125  192  226
 137  193  234
 148  193  242
 167  193  240
 186  192  238
 203  192  237
 219  192  235
 231  193  240
 243  193  244
   0  212  193
  11  213  205
  24  212  208
  43  211  207
  59  211  212
  74  211  215
  91  210  220
 106  210  223
 123  210  220
 140  209  225
 151  210  233
 168  209  241
 187  208  239
 199  209  241
 215  209  240
 233  209  236
 245  209  240
   0  228  177
  11  229  189
  22  229  201
  41  228  201
  60  227  200
  76  227  204
  91  227  207
 106  227  211
 120  227  214
 137  227  219
 154  226  223
 171  225  231
 187  224  239
 199  225  242
 211  225  244
 229  225  240
 246  225  236
   7  242  176
  21  242  178
  32  242  190
  47  242  193
  66  241  193
  79  241  198
  94  241  201
 108  241  210
 122  241  213
 142  241  211
 159  241  216
 169  241  226
 185  240  234
 204  240  235
 216  240  238
 227  240  247
 244  240  243
  13  255  175
  28  255  177
  42  255  179
  57  255  182
  72  255  185
  85  255  190
  97  255  195
 111  255  204
 124  255  212
 144  255  210
 164  255  208
 174  255  219
 183  255  229
 202  255  230
 220  255  231
 231  255  240
 242  255  249
   2    0  240
  16    0  240
  32    0  239
  50    0  239
  65    0  241
  80    0  240
  96    0  240
 112    0  240
 128    0  240
 143    0  240
 158    0  240
 174    0  240
 191    0  240
 208    0  240
 222    1  242
 233    1  242
 247    1  246
   1   16  240
  17   16  240
  34   16  239
  48   16  239
  63   16  241
  79   16  241
  95   16  240
 111   16  240
 128   16  240
 144   16  239
 159   16  240
 174   16  240
 191   16  240
 207   16  240
 221   17  242
 234   17  242
 247   17  246
   0   32  241
  17   32  241
  32   32  240
  46   32  240
  62   32  240
  78   32  240
  94   32  241
 111   32  241
 128   32  240
 145   31  240
 158   32  242
 173   32  242
 190   32  241
 207   32  241
 220   33  243
 233   33  243
 247   33  245
   0   48  241
  16   48  241
  31   48  240
  47   48  240
  63   48  240
  80   48  239
  96   48  240
 110   48  241
 127   48  240
 143   48  240
 157   48  242
 172   49  242
 189   49  241
 205   48  241
 219   49  243
 233   49  243
 246   49  245
   0   64  241
  16   64  241
  32   64  239
  48   64  239
  63   64  242
  80   63  241
  96   64  241
 110   64  241
 126   64  241
 142   64  241
 158   64  239
 173   65  239
 189   65  241
 206   64  241
 220   64  244
 234   65  244
 247   65  245
   0   80  241
  16   79  241
  32   80  239
  48   80  238
  63   80  241
  79   79  242
  94   80  241
 111   80  241
 127   80  241
 142   80  241
 158   80  239
 173   80  239
 189   80  241
 207   80  241
 221   80  244
 234   81  244
 247   81  245
   0   96  242
  16   96  242
  31   96  242
  47   96  241
  64   96  239
  79   95  240
  94   96  241
 110   96  241
 127   96  241
 142   96  241
 157   96  242
 172   96  242
 189   96  242
 207   96  242
 221   97  242
 234   97  242
 245   98  247
   0  112  242
  13  113  242
  28  113  242
  47  112  242
  64  111  240
  78  112  240
  92  112  241
 107  113  241
 124  113  241
 141  112  241
 157  112  242
 172  112  242
 189  112  242
 206  112  242
 220  113  242
 234  113  242
 246  114  247
   0  128  242
  13  129  242
  28  129  242
  47  128  242
  64  127  240
  78  128  240
  92  128  243
 107  129  243
 123  129  244
 140  128  244
 157  128  240
 173  128  240
 187  128  246
 203  128  246
 220  128  244
 234  129  244
 246  129  250
   0  144  242
  14  144  242
  29  144  242
  46  144  242
  63  144  240
  80  143  240
  94  144  243
 108  145  243
 123  145  244
 139  144  244
 156  144  240
 174  144  240
 188  144  246
 201  144  246
 218  144  244
 231  145  244
 243  145  250
   0  159  242
  14  160  242
  28  160  243
  45  160  243
  61  160  246
  78  160  246
  94  160  244
 107  161  244
 123  161  243
 139  160  243
 155  161  243
 173  161  243
 187  160  247
 200  160  247
 219  160  243
 232  161  243
 244  161  245
   0  176  242
  13  176  242
  27  176  243
  44  176  243
  60  176  246
  75  176  246
  91  176  244
 107  176  244
 123  176  243
 140  176  243
 156  177  243
 172  177  243
 186  176  247
 201  176  247
 220  176  243
 232  177  243
 244  177  245
   0  194  232
  13  194  232
  25  193  235
  43  193  235
  59  193  239
  74  193  239
  91  192  244
 107  192  244
 124  192  241
 141  192  241
 152  193  249
 168  193  249
 187  192  247
 202  192  247
 219  192  245
 231  193  245
 243  193  250
   0  213  225
  11  212  223
  23  211  226
  40  211  229
  56  211  234
  73  210  237
  90  209  242
 108  208  244
 125  208  241
 140  208  241
 151  209  249
 165  209  249
 184  209  247
 203  208  247
 220  208  245
 233  208  245
 245  209  250
   0  229  209
  11  228  208
  22  229  220
  38  229  223
  57  228  222
  75  227  226
  90  227  229
 108  226  231
 123  226  235
 137  226  235
 154  225  239
 168  226  239
 184  225  247
 204  224  247
 216  225  250
 229  225  250
 246  225  246
   3  242  186
  17  242  193
  28  242  205
  38  242  214
  57  241  214
  72  241  222
  87  241  225
 108  241  218
 122  241  222
 133  241  235
 150  241  239
 170  241  237
 186  240  245
 201  240  247
 213  240  250
 230  240  250
 247  240  246
  10  255  185
  24  255  192
  38  255  194
  48  255  203
  63  255  206
  78  255  214
  90  255  219
 111  255  212
 124  255  221
 135  255  234
 155  255  232
 175  255  230
 184  255  240
 199  255  242
 217  255  243
 234  255  243
 245  255  252
   2    0  255
  16    0  255
  30    0  255
  48    0  255
  66    0  255
  81    0  255
  96    0  254
 112    0  255
 128    0  255
 143    0  255
 158    0  255
 175    0  255
 191    0  255
 208    0  255
 225    0  255
 237    1  255
 248    1  255
   1   16  255
  18   16  255
  32   16  255
  46   16  255
  64   16  255
  80   16  255
  95   16  255
 112   16  255
 128   16  255
 144   16  255
 159   16  255
 174   16  255
 191   16  255
 207   16  255
 224   16  255
 237   16  255
 249   17  255
   0   32  255
  17   32  255
  33   31  255
  48   32  255
  62   32  255
  78   32  255
  94   32  255
 111   32  255
 127   32  255
 144   32  255
 160   31  254
 175   32  255
 190   32  255
 207   32  255
 223   32  255
 236   32  255
 249   32  255
   0   48  255
  16   48  255
  32   48  255
  48   48  255
  63   48  255
  80   48  255
  96   48  255
 110   48  255
 126   48  255
 142   48  255
 159   48  255
 174   48  255
 189   49  255
 205   48  255
 222   48  255
 236   49  255
 249   49  255
   0   64  255
  16   64  255
  31   64  255
  47   64  255
  63   64  255
  80   64  255
  97   63  254
 111   64  255
 125   64  255
 141   64  255
 157   64  255
 172   65  255
 187   65  255
 204   65  255
 220   64  255
 234   65  255
 248   65  255
   0   80  255
  16   80  255
  31   80  255
  47   80  254
  63   80  254
  79   80  255
  96   79  255
 112   80  255
 126   80  255
 141   80  255
 157   80  255
 172   80  255
 187   81  255
 205   81  255
 222   80  255
 234   81  255
 248   81  255
   0   96  255
  16   96  255
  31   95  255
  47   96  254
  63   96  253
  79   96  254
  94   95  255
 111   96  255
 127   96  255
 142   96  255
 157   95  255
 172   96  255
 187   96  255
 205   96  255
 223   96  255
 236   97  255
 248   97  255
   0  112  255
  13  113  255
  28  112  255
  47  111  255
  63  112  254
  77  112  254
  93  112  255
 108  112  255
 124  113  255
 142  112  255
 157  112  255
 172  112  255
 187  112  255
 204  112  255
 222  112  255
 236  113  255
 249  113  255
   0  128  255
  13  129  255
  25  129  255
  44  128  255
  63  127  255
  77  128  255
  91  128  255
 106  129  255
 121  129  255
 139  129  255
 156  128  255
 172  128  255
 187  128  255
 204  128  255
 220  128  255
 235  129  255
 249  129  255
   0  144  255
  14  144  255
  27  145  255
  44  145  255
  63  144  255
  79  143  255
  93  144  255
 107  145  255
 122  145  255
 138  145  255
 155  144  255
 173  144  255
 189  144  255
 202  144  255
 218  144  255
 232  145  255
 246  145  255
   0  159  254
  14  160  255
  28  160  255
  45  160  255
  62  160  255
  79  160  255
  95  159  255
 109  160  255
 122  161  255
 138  161  255
 154  160  255
 172  160  255
 190  160  255
 203  160  255
 216  160  255
 230  161  255
 243  161  255
   0  176  255
  13  176  255
  27  176  255
  44  176  255
  61  176  255
  76  176  255
  93  176  255
 109  176  255
 122  177  255
 139  177  255
 155  176  255
 171  176  255
 189  176  255
 204  176  255
 217  176  255
 230  177  255
 243  177  255
   0  192  255
  13  192  255
  25  192  255
  43  192  255
  60  192  255
  75  192  255
  90  192  255
 106  192  255
 122  192  255
 139  192  255
 156  192  255
 172  192  255
 188  192  255
 203  192  255
 218  192  255
 231  193  255
 243  193  255
   0  211  248
  11  210  247
  23  210  247
  40  210  250
  57  210  250
  75  209  253
  90  209  253
 108  208  255
 124  208  255
 138  208  255
 155  208  255
 169  209  255
 185  209  255
 204  208  255
 219  208  255
 232  208  255
 245  209  255
   0  229  241
  11  229  240
  21  228  238
  38  228  241
  54  228  244
  72  227  248
  89  226  251
 107  225  253
 125  224  255
 140  224  255
 154  224  255
 168  225  255
 181  225  255
 201  225  255
 220  224  255
 233  224  255
 246  224  255
   3  242  218
  17  242  225
  28  242  223
  38  242  233
  54  242  236
  69  242  244
  86  241  247
 107  241  240
 125  240  242
 135  240  255
 150  240  255
 170  240  253
 183  240  253
 198  240  255
 217  240  255
 234  240  255
 247  240  255
   6  255  194
  20  255  201
  34  255  208
  44  255  218
  54  255  227
  69  255  235
  83  255  243
 104  255  236
 124  255  229
 135  255  242
 145  255  255
 165  255  253
 185  255  251
 200  255  253
 214  255  255
 231  255  255
 248  255  255
